    100.000     25.999
    102.000     25.999
    104.000     26.954
    106.000     26.954
    108.000     27.272
    110.000     27.272
    112.000     27.272
    114.000     27.590
    116.000     28.438
    118.000     28.120
    120.000     27.908
    122.000     28.438
    124.000     29.393
    126.000     30.559
    128.000     28.863
    130.000     29.287
    132.000     28.438
    134.000     29.499
    136.000     30.559
    138.000     29.711
    140.000     29.923
    142.000     31.514
    144.000     32.468
    146.000     31.408
    148.000     31.514
    150.000     33.104
    152.000     31.302
    154.000     33.953
    156.000     31.196
    158.000     31.514
    160.000     32.574
    162.000     32.892
    164.000     33.316
    166.000     33.104
    168.000     33.210
    170.000     34.695