0.52778    0.52375
0.54833    0.52118
0.56888    0.51860
0.59971    0.51473
0.61683    0.30706
0.64080    0.30405
0.66135    0.30148
0.68877    0.70909
0.71619     1.1167
0.73677     1.9362
0.76077     2.7553
0.77795     4.1918
0.80197     5.4219
0.81919     8.2971
0.83643     11.378
0.85716     16.513
0.87793     22.882
0.88845     29.868
0.89880     31.922
0.92620     31.919
0.94329     30.889
0.96040     30.270
0.98779     30.062
 1.0118     31.292
 1.0392     32.110
 1.0531     35.603
 1.0738     40.738
 1.0912     48.135
 1.1223     56.763
 1.1298     74.437
 1.1537     73.201
 1.1714     89.229
 1.1953     86.144
 1.2192     84.291
 1.2328     81.206
 1.2532     78.121
 1.2770     71.336
 1.2941     72.978
 1.3176     57.971
 1.3344     47.899
 1.3583     45.635
 1.3753     42.961
 1.3992     41.930
 1.4163     40.284
 1.4163     38.845
 1.4230     36.995
 1.4338     49.736
 1.4376     62.683
 1.4405     46.241
 1.4438     41.719
 1.4609     42.334
 1.4745     39.660
 1.4916     37.603
 1.5120     35.545
 1.5361     36.364
 1.5600     35.950
 1.5771     33.482
 1.6011     34.095
 1.6215     32.243
 1.6386     30.391
 1.6522     28.128
 1.6760     22.987
 1.6999     21.340
 1.7104     26.066
 1.7381     34.283
 1.7656     37.979
 1.7792     35.511
 1.8030     29.548
 1.8165     25.436
 1.8336     22.351
 1.8644     23.375
 1.8817     27.278
 1.9023     29.947
 1.9264     32.821
 1.9434     29.942
 1.9675     31.583
 1.9847     35.075
 2.0292     34.452
 2.0430     35.889
 2.0600     34.038
 2.0875     34.856
 2.1114     34.031
 2.1216     32.797
 2.1456     31.766
 2.1662     32.380
 2.1901     31.966
 2.2003     30.115
 2.2209     30.934
 2.2483     29.287
 2.2654     28.257
 2.2755     25.790
 2.3030     26.608
 2.3234     23.728
 2.3473     22.081
 2.3679     21.256
 2.3815     18.583
 2.4055     19.402
 2.4294     18.577
 2.4534     18.368
 2.4808     18.981
 2.4809     21.653
 2.4810     22.886
 2.4980     20.212
 2.4981     22.062
 2.5082     18.567
 2.5219     17.127
 2.5458     16.713
 2.5698     16.093
 2.5903     16.296
 2.6177     16.498
 2.6418     17.728
 2.6658     18.753
 2.6795     20.395
 2.7070     22.447
 2.7206     18.335
 2.7410     15.660
 2.7615     14.425
 2.7821     15.861
 2.8027     17.297
 2.8198     15.445
 2.8437     14.209
 2.8643     15.645
 2.8814     13.588
 2.9191     15.227
 2.9567     13.167
 5.0000      4.667